CACHE type 5 produced by analog 6.0/Unix. Do not modify or delete!
T	0	0	1402	227	287	251	54113212
D	26075080	26078932
18107	200	1	1	623
18107	205	1	1	623
18107	209	1	1	623
18107	218	1	1	623
18107	219	2	2	1246
18107	234	1	1	623
18107	237	7	2	569539
18107	245	1	0	4994
18107	246	1	1	2888
18107	247	1	0	4994
18107	248	1	1	2888
18107	265	2	1	7882
18107	266	1	1	2860
18107	281	6	2	804897
18108	8	2	2	3352
18108	9	1	0	4994
18108	13	1	1	2888
18108	14	2	0	10049
18108	30	9	2	526
18108	38	2	1	339966
18108	40	1	1	2860
18108	42	6	2	896601
18108	55	1	1	2888
18108	62	1	1	2860
18108	63	5	2	559495
18108	66	1	1	2860
18108	75	2	2	5720
18108	76	1	1	2860
18108	79	1	1	2860
18108	80	1	1	2860
18108	85	2	2	2888
18108	86	1	1	2888
18108	100	1	1	2860
18108	131	11	4	7668
18108	136	3	1	12937
18108	172	13	4	1672821
18108	178	5	2	559495
18108	180	2	2	5720
18108	198	2	2	5720
18108	203	7	1	566624
18108	204	1	0	0
18108	205	1	0	0
18108	206	1	0	0
18108	209	2	1	7882
18108	212	2	1	7882
18108	214	2	1	7882
18108	215	3	1	12937
18108	217	9	1	55394
18108	220	3	0	34897
18108	222	4	1	16482
18108	223	2	0	21626
18108	224	14	3	67076
18108	225	9	1	45979
18108	226	3	1	21144
18108	229	3	0	37720
18108	233	14	1	627608
18108	239	1	1	2860
18108	244	1	1	2888
18108	246	4	1	408037
18108	247	4	0	51637
18108	248	3	0	320198
18108	249	8	0	31716
18108	251	5	1	22424
18108	252	3	0	34776
18108	256	5	5	17510
18108	257	12	2	3100404
18108	259	6	0	34941
18108	260	7	0	64247
18108	261	2	0	8572
18108	263	4	0	31280
18108	264	26	1	1350389
18108	265	28	1	196395
18108	266	1	0	6864
18108	267	31	4	1291305
18108	268	12	1	1214386
18108	269	23	1	251771
18108	270	3	2	15150
18108	271	7	3	10562
18108	272	2	0	7765
18108	273	26	1	1303611
18108	274	11	1	81416
18108	275	16	2	366131
18108	276	8	0	37976
18108	284	3	1	4294
18108	285	5	1	35718
18108	286	8	0	30174
18108	287	3	0	18700
18109	0	6	0	43371
18109	1	19	0	164186
18109	2	7	0	67860
18109	6	10	0	76418
18109	7	11	0	114031
18109	8	32	0	339391
18109	9	39	6	1800860
18109	10	37	0	398577
18109	11	25	0	247517
18109	12	23	0	252882
18109	13	4	0	22593
18109	14	6	1	44834
18109	15	11	1	1214369
18109	16	6	1	31533
18109	18	4	2	13526
18109	19	1	1	4294
18109	20	13	3	1209943
18109	21	17	1	1256943
18109	22	3	1	14109
18109	23	12	2	51545
18109	24	5	2	19525
18109	25	2	1	4267
18109	27	1	1	3495
18109	28	16	0	128206
18109	29	18	2	148576
18109	30	15	0	146490
18109	31	13	0	119305
18109	32	13	3	102771
18109	33	14	0	135240
18109	34	12	0	116566
18109	35	17	2	143518
18109	36	11	0	112810
18109	37	11	0	102746
18109	38	19	0	222416
18109	39	14	0	137653
18109	40	17	3	147753
18109	41	8	0	88720
18109	42	6	1	47728
18109	43	9	0	39546
18109	44	5	3	16082
18109	46	2	1	10090
18109	48	7	1	485957
18109	51	3	1	10164
18109	52	5	4	22062
18109	53	1	1	3966
18109	54	2	1	10164
18109	55	1	1	4760
18109	56	4	0	32810
18109	57	3	0	0
18109	61	13	2	98608
18109	63	1	1	3966
18109	66	1	1	3966
18109	68	6	1	1175869
18109	71	2	1	341072
18109	73	3	3	11933
18109	76	6	2	16247
18109	78	1	1	3994
18109	79	7	3	1172887
18109	88	5	1	1164955
18109	89	2	2	7988
18109	90	1	1	3994
18109	93	2	1	341072
18109	101	1	1	3966
18109	102	1	0	337106
18109	103	1	1	3966
18109	116	2	2	7932
18109	123	1	1	3966
18109	126	1	1	3966
18109	129	1	1	3966
18109	139	14	0	104331
18109	143	9	1	1194452
18109	154	11	1	1230579
18109	155	11	0	98566
18109	156	13	1	1258978
18109	157	12	0	122417
18109	158	10	2	266322
18109	159	17	1	142502
18109	160	18	0	219092
18109	161	2	0	20901
18109	162	2	0	20382
18109	163	1	0	15499
18109	164	3	0	38045
18109	165	11	0	134333
18109	166	4	0	41960
18109	167	4	0	34742
18109	168	2	0	32209
18109	176	25	11	3518685
18109	184	8	3	22834
18109	186	5	5	19828
18109	188	2	2	7920
18109	190	2	1	10078
18109	191	1	1	3960
18109	195	11	1	115797
18109	197	11	2	54316
18109	200	5	1	354327
18109	205	6	1	52013
18109	216	1	1	3988
18109	219	8	1	44592
18109	222	2	1	10148
18109	226	7	2	1179851
18109	227	15	3	2367866
18109	229	17	2	2382500
18109	235	6	1	1175863
18109	236	7	1	1181953
18109	252	17	2	1241083
18109	254	6	2	32896
18109	255	5	0	65183
18109	262	10	1	1197997
18109	273	1	1	3988
18110	4	7	2	158935
18110	7	2	0	696082
18110	19	6	2	1168965
18110	36	4	1	15474
18110	106	1	0	24
1	1	0	0	7	26076176	0	26077544	26076176	0	26075839	478	/wp/wp-includes/wlwmanifest.xml
1	1	0	0	0	26077736	0	0	26077736	0	0	14975	/verlistado?search=PLAQUETA PORTACARBON&page=4
1	1	0	0	0	26077745	0	0	26077745	0	0	15224	/verlistado?search=PLAQUETA PORTACARBON&page=2
1	0	0	0	1	0	0	26077005	0	0	26077005	0	/images/LOGO PEQUE%EF%BE%83%E5%89%8D.ico
1	0	0	0	5	0	0	26077223	0	0	26075839	0	/2015/wp-includes/wlwmanifest.xml
1	0	0	1	0	0	26076845	0	0	26076845	0	0	/producto/9
1	0	0	0	1	0	0	26076865	0	0	26076865	0	/old/wp-admin/install.php?step=1
1	0	0	2	0	0	26076847	0	0	26076846	0	0	/producto/8
1	0	0	1	0	0	26076784	0	0	26076784	0	0	/producto/7
1	0	0	1	0	0	26076824	0	0	26076824	0	0	/producto/6
1	0	0	1	0	0	26076824	0	0	26076824	0	0	/producto/5
1	0	0	1	0	0	26076842	0	0	26076842	0	0	/producto/4
1	0	0	1	0	0	26076842	0	0	26076842	0	0	/producto/3
1	1	0	0	0	26077141	0	0	26077141	0	0	4919	/producto/119/edit
1	0	0	0	7	0	0	26078437	0	0	26076895	0	/password/images/LOGO.png
1	1	0	0	0	26077762	0	0	26077762	0	0	15731	/producto/index?codigo=11
1	11	0	0	0	26077737	0	0	26076644	0	0	22253	/Libro/index
1	1	0	0	0	26077156	0	0	26077156	0	0	4914	/producto/136/edit
1	8	0	0	0	26077150	0	0	26076824	0	0	55089	/producto?page=7
1	14	0	0	0	26077150	0	0	26076842	0	0	188743	/producto?page=6
1	14	0	0	0	26077150	0	0	26077002	0	0	195974	/producto?page=5
1	1	0	0	0	26076845	0	0	26076845	0	0	4306	/producto/11/edit
1	12	0	0	0	26077268	0	0	26077014	0	0	170719	/producto?page=4
1	0	0	0	1	0	0	26076865	0	0	26076865	0	/blog/wp-admin/install.php?step=1
1	11	0	0	0	26077150	0	0	26077006	0	0	155218	/producto?page=3
1	8	0	0	0	26076888	0	0	26076644	0	0	22216	/libro/create
1	17	0	0	0	26077789	0	0	26076858	0	0	240915	/producto?page=2
1	1	0	0	0	26077150	0	0	26077150	0	0	14883	/producto?page=1
1	66	0	23	18	26078581	26078582	26076897	26075267	26076606	26075267	367373	/login
1	1	0	0	0	26076842	0	0	26076842	0	0	4303	/producto/14/edit
1	2	0	0	0	26077009	0	0	26077002	0	0	8745	/producto/17/edit
1	0	0	0	1	0	0	26076897	0	0	26076897	0	/images/LOGO.png*
1	3	0	0	0	26077763	0	0	26077173	0	0	14889	/producto/150/edit
1	1	0	0	0	26077013	0	0	26077013	0	0	4370	/producto/21/edit
1	1	0	0	0	26078233	0	0	26078233	0	0	4000	/index.php?option=com_user&task=register
1	1	0	0	0	26077024	0	0	26077024	0	0	13794	/producto?codigo=200
1	1	0	0	0	26077011	0	0	26077011	0	0	4360	/producto/24/edit
1	1	0	0	0	26077014	0	0	26077014	0	0	4398	/producto/27/edit
1	0	0	0	23	0	0	26078582	0	0	26076644	0	/produ-list-pdf
1	1	0	0	0	26077016	0	0	26077016	0	0	4384	/producto/31/edit
1	1	0	0	0	26075671	0	0	26075671	0	0	64	/.well-known/pki-validation/80E3E98A9F9BBCE0AB88DF37157D72CB.txt
1	1	0	0	0	26077015	0	0	26077015	0	0	4402	/producto/34/edit
1	0	0	1	0	0	26078932	0	0	26078932	0	0	/wordpress/
1	0	0	1	0	0	26078932	0	0	26078932	0	0	/wp/
1	1	0	0	0	26077007	0	0	26077007	0	0	4368	/producto/37/edit
1	1	0	0	0	26077743	0	0	26077743	0	0	15681	/producto?codigo=164
1	16	0	0	1	26078272	0	26077178	26077201	0	26077178	174176	/images/LOGOICO.ico
1	1	0	0	0	26077023	0	0	26077023	0	0	4409	/producto/41/edit
1	1	0	0	0	26076868	0	0	26076868	0	0	7770	/verlistado?codigo=mercedes
1	1	0	0	0	26077020	0	0	26077020	0	0	4452	/producto/44/edit
1	0	0	2	0	0	26077111	0	0	26077111	0	0	/producto/83
1	0	0	0	6	0	0	26076760	0	0	26076753	0	/images/logo.png
1	1	0	0	0	26077003	0	0	26077003	0	0	4391	/producto/47/edit
1	1	0	0	0	26077004	0	0	26077004	0	0	4332	/producto/51/edit
1	2	0	0	0	26076868	0	0	26076867	0	0	16174	/verlistado?codigo=bzm+0438
1	1	0	0	0	26077656	0	0	26077656	0	0	8477	/verlistado?codigo=35
1	0	0	1	0	0	26076891	0	0	26076891	0	0	/producto/68
1	1	0	0	0	26077002	0	0	26077002	0	0	4328	/producto/54/edit
1	1	0	0	0	26077938	0	0	26077938	0	0	15730	/producto/index?codigo=ASX
1	0	0	1	0	0	26076890	0	0	26076890	0	0	/producto/67
1	0	0	2	0	0	26076968	0	0	26076967	0	0	/producto/66
1	0	0	3	0	0	26076969	0	0	26076968	0	0	/producto/65
1	0	0	0	1	0	0	26076865	0	0	26076865	0	/test/wp-admin/install.php?step=1
1	0	0	0	5	0	0	26077223	0	0	26075839	0	/wp1/wp-includes/wlwmanifest.xml
1	0	0	2	0	0	26076970	0	0	26076970	0	0	/producto/64
1	1	0	0	0	26077065	0	0	26077065	0	0	7644	/verlistado?codigo=30
1	1	0	0	0	26076870	0	0	26076870	0	0	8146	/verlistado?codigo=28
1	2	0	0	0	26076994	0	0	26076901	0	0	8592	/producto/57/edit
1	0	0	1	0	0	26076971	0	0	26076971	0	0	/producto/63
1	0	0	2	0	0	26076994	0	0	26076993	0	0	/producto/62
1	1	0	0	7	26076176	0	26077544	26076176	0	26075839	478	/site/wp-includes/wlwmanifest.xml
1	0	0	2	0	0	26076996	0	0	26076994	0	0	/producto/61
1	1	0	0	0	26077736	0	0	26077736	0	0	10214	/verlistado?codigo=25
1	0	0	1	0	0	26076994	0	0	26076994	0	0	/producto/60
1	0	0	1	0	0	26076995	0	0	26076995	0	0	/producto/59
1	1	0	0	0	26077066	0	0	26077066	0	0	7975	/verlistado?codigo=24
1	0	0	1	0	0	26076995	0	0	26076995	0	0	/producto/58
1	0	0	1	0	0	26076995	0	0	26076995	0	0	/producto/57
1	2	0	0	1	26076995	0	26076654	26076994	0	26076654	8725	/producto/61/edit
1	0	0	1	0	0	26076996	0	0	26076996	0	0	/producto/56
1	0	0	2	0	0	26077001	0	0	26077000	0	0	/producto/55
1	1	0	0	0	26077789	0	0	26077789	0	0	15649	/producto?codigo=NFS
1	0	0	1	0	0	26077003	0	0	26077003	0	0	/producto/54
1	0	0	1	0	0	26077004	0	0	26077004	0	0	/producto/53
1	0	0	1	0	0	26077004	0	0	26077004	0	0	/producto/52
1	3	0	0	0	26076970	0	0	26076969	0	0	13037	/producto/64/edit
1	0	0	1	0	0	26077004	0	0	26077004	0	0	/producto/51
1	0	0	1	0	0	26077006	0	0	26077006	0	0	/producto/49
1	0	0	1	0	0	26077005	0	0	26077005	0	0	/producto/50
1	1	0	0	7	26076176	0	26077544	26076176	0	26075839	478	/cms/wp-includes/wlwmanifest.xml
1	0	0	1	0	0	26077005	0	0	26077005	0	0	/producto/48
1	0	0	1	0	0	26078273	0	0	26078273	0	0	/password/email
1	0	0	1	0	0	26077003	0	0	26077003	0	0	/producto/47
1	0	0	1	0	0	26077007	0	0	26077007	0	0	/producto/46
1	0	0	0	9	0	0	26076820	0	0	26076647	0	/producto/67/edit
1	0	0	1	0	0	26077007	0	0	26077007	0	0	/producto/45
1	2	0	0	0	26076842	0	0	26076829	0	0	8584	/producto/4/edit
1	0	0	1	0	0	26077020	0	0	26077020	0	0	/producto/44
1	0	0	1	0	0	26077021	0	0	26077021	0	0	/producto/43
1	0	0	1	0	0	26077021	0	0	26077021	0	0	/producto/42
1	7	0	0	0	26078422	0	0	26076895	0	0	33173	/password/reset
1	0	0	1	0	0	26077024	0	0	26077024	0	0	/producto/41
1	0	0	1	0	0	26077024	0	0	26077024	0	0	/producto/40
1	0	0	1	0	0	26077022	0	0	26077022	0	0	/producto/39
1	0	0	0	1	0	0	26076635	0	0	26076635	0	/producto/7/edit
1	0	0	1	0	0	26077021	0	0	26077021	0	0	/producto/38
1	0	0	1	0	0	26077007	0	0	26077007	0	0	/producto/37
1	0	0	1	0	0	26077014	0	0	26077014	0	0	/producto/36
1	3	0	0	2	26076888	0	26076646	26076644	0	26076645	5905	/libro
1	1	0	0	0	26077789	0	0	26077789	0	0	15649	/producto?codigo=NFB
1	0	0	1	0	0	26077015	0	0	26077015	0	0	/producto/35
1	5	0	0	0	26078932	0	0	26075487	0	0	96	/robots.txt
1	26	0	13	0	26078234	26077755	0	26076820	26076845	0	373063	/producto/index
1	2	0	0	0	26076869	0	0	26076867	0	0	25928	/verlistado?codigo=bzm
1	0	0	1	0	0	26077015	0	0	26077015	0	0	/producto/34
1	0	0	1	0	0	26077016	0	0	26077016	0	0	/producto/33
1	0	0	1	0	0	26077016	0	0	26077016	0	0	/producto/32
1	0	0	1	0	0	26077016	0	0	26077016	0	0	/producto/31
1	0	0	1	0	0	26077017	0	0	26077017	0	0	/producto/29
1	0	0	1	0	0	26077017	0	0	26077017	0	0	/producto/30
1	0	0	1	0	0	26077018	0	0	26077018	0	0	/producto/28
1	1	0	0	0	26077036	0	0	26077036	0	0	7722	/verlistado?codigo=200
1	0	0	1	0	0	26077014	0	0	26077014	0	0	/producto/27
1	0	0	2	0	0	26077013	0	0	26077010	0	0	/producto/26
1	0	0	1	0	0	26077011	0	0	26077011	0	0	/producto/25
1	1	0	0	0	26077745	0	0	26077745	0	0	8186	/verlistado?codigo=an
1	0	0	1	0	0	26077011	0	0	26077011	0	0	/producto/24
1	1	0	0	0	26077938	0	0	26077938	0	0	15750	/producto/index?codigo=ESCOB
1	0	0	1	0	0	26077012	0	0	26077012	0	0	/producto/23
1	0	0	1	0	0	26077012	0	0	26077012	0	0	/producto/22
1	0	0	1	0	0	26077013	0	0	26077013	0	0	/producto/21
1	0	0	0	2	0	0	26076856	0	0	26076856	0	/images/LOGO PEQUE/xd1O.ico
1	0	0	1	0	0	26077013	0	0	26077013	0	0	/producto/20
1	0	0	2	0	0	26077011	0	0	26077010	0	0	/producto/19
1	0	0	1	0	0	26077008	0	0	26077008	0	0	/producto/18
1	11	0	0	0	26077795	0	0	26076605	0	0	75139	/test
1	0	0	2	0	0	26077009	0	0	26077002	0	0	/producto/17
1	0	0	1	0	0	26077001	0	0	26077001	0	0	/producto/16
1	0	0	0	1	0	0	26076865	0	0	26076865	0	/wp-admin/setup-config.php
1	0	0	2	0	0	26077002	0	0	26076967	0	0	/producto/15
1	0	0	1	0	0	26076842	0	0	26076842	0	0	/producto/14
1	0	0	1	0	0	26076844	0	0	26076844	0	0	/producto/13
1	1	0	0	0	26077785	0	0	26077785	0	0	8186	/verlistado?codigo=10003
1	0	0	0	5	0	0	26077223	0	0	26075839	0	/2016/wp-includes/wlwmanifest.xml
1	0	0	1	0	0	26076844	0	0	26076844	0	0	/producto/12
1	0	0	1	0	0	26076845	0	0	26076845	0	0	/producto/11
1	0	0	1	0	0	26076845	0	0	26076845	0	0	/producto/10
1	0	0	0	5	0	0	26077223	0	0	26075839	0	/sito/wp-includes/wlwmanifest.xml
1	1	0	0	7	26076176	0	26077544	26076176	0	26075839	478	/wp-includes/wlwmanifest.xml
1	1	0	0	0	26077762	0	0	26077762	0	0	15646	/producto?codigo=asx
1	1	0	0	7	26076176	0	26077544	26076176	0	26075839	478	/wordpress/wp-includes/wlwmanifest.xml
1	0	0	1	0	0	26076817	0	0	26076817	0	0	/actualizaPrecioCategoria
1	0	0	0	1	0	0	26077840	0	0	26077840	0	/sitemap.xml
1	0	0	0	5	0	0	26077223	0	0	26075839	0	/news/wp-includes/wlwmanifest.xml
1	0	0	1	0	0	26078932	0	0	26078932	0	0	/blog/
1	0	0	0	1	0	0	26076866	0	0	26076866	0	/blog/wp-admin/setup-config.php
1	1	0	0	0	26076845	0	0	26076845	0	0	4302	/producto/10/edit
1	1	0	0	1	26076844	0	26076629	26076844	0	26076629	4313	/producto/13/edit
1	2	0	0	0	26076841	0	0	26076824	0	0	13267	/producto/index?page=7
1	43	0	0	0	26078235	0	0	26076643	0	0	637954	/verlistado
1	2	0	0	0	26077756	0	0	26077756	0	0	16222	/verlistado?codigo=NFB
1	0	0	0	1	0	0	26076120	0	0	26076120	0	/wp-login.php?91.199.212.132
1	1	0	0	0	26077001	0	0	26077001	0	0	4304	/producto/16/edit
1	1	0	0	0	26077740	0	0	26077740	0	0	4939	/producto/148/edit
1	63	0	0	1	26078498	0	26078498	26076764	0	26078498	9849516	/images/LOGO.png
1	0	0	0	1	0	0	26077840	0	0	26077840	0	/404error-test-page-by-turbo-website-reviewer
1	2	0	0	0	26077010	0	0	26077010	0	0	8904	/producto/19/edit
1	1	0	0	0	26077012	0	0	26077012	0	0	4430	/producto/20/edit
1	5	0	0	0	26077939	0	0	26076817	0	0	69419	/verlistado?search=CARBONES
1	1	0	0	0	26077012	0	0	26077012	0	0	4362	/producto/23/edit
1	1	0	0	0	26077963	0	0	26077963	0	0	317197	/images/logoinfo.png
1	2	0	0	0	26077987	0	0	26077962	0	0	18982	/verlistado?codigo=0052
1	2	0	0	0	26077013	0	0	26077010	0	0	8814	/producto/26/edit
1	2	0	0	0	26076888	0	0	26076859	0	0	15530	/verlistado?search=AUTOMATICOS NUEVOS
1	1	0	0	0	26077017	0	0	26077017	0	0	4442	/producto/30/edit
1	1	0	0	0	26077017	0	0	26077017	0	0	4436	/producto/29/edit
1	98	0	0	4	26077787	0	26076823	26076828	0	26076756	463055	/producto/create
1	1	0	0	0	26077015	0	0	26077015	0	0	4390	/producto/33/edit
1	3	0	0	0	26076784	0	0	26076623	0	0	25302	/Producto/index?page=7
1	1	0	0	0	26076624	0	0	26076624	0	0	13055	/Producto/index?page=6
1	1	0	0	0	26077014	0	0	26077014	0	0	4382	/producto/36/edit
1	1	0	0	0	26076622	0	0	26076622	0	0	13408	/Producto/index?page=2
1	1	0	0	0	26077022	0	0	26077022	0	0	4445	/producto/39/edit
1	1	0	0	0	26077024	0	0	26077024	0	0	4365	/producto/40/edit
1	0	0	0	5	0	0	26077223	0	0	26075839	0	/shop/wp-includes/wlwmanifest.xml
1	1	0	0	0	26077020	0	0	26077020	0	0	4461	/producto/43/edit
1	1	0	0	0	26077007	0	0	26077007	0	0	4394	/producto/46/edit
1	2	0	0	0	26077761	0	0	26077761	0	0	31482	/producto/index?codigo=asx
1	1	0	0	0	26077761	0	0	26077761	0	0	9431	/verlistado?codigo=asx
1	0	0	0	5	0	0	26077223	0	0	26075839	0	/wp2/wp-includes/wlwmanifest.xml
1	1	0	0	0	26077005	0	0	26077005	0	0	4304	/producto/50/edit
1	1	0	0	0	26077006	0	0	26077006	0	0	4395	/producto/49/edit
1	9	0	0	0	26076687	0	0	26075266	0	0	799812	/images/repu.jpg
1	1	0	0	0	26077656	0	0	26077656	0	0	8191	/verlistado?codigo=035
1	0	0	0	1	0	0	26076865	0	0	26076865	0	/old/wp-admin/setup-config.php
1	1	0	0	0	26077003	0	0	26077003	0	0	4356	/producto/53/edit
1	1	0	0	0	26077745	0	0	26077745	0	0	8186	/verlistado?codigo=auto
1	1	0	0	0	26076996	0	0	26076996	0	0	4381	/producto/56/edit
1	1	0	0	0	26076994	0	0	26076994	0	0	4319	/producto/60/edit
1	1	0	0	0	26076995	0	0	26076995	0	0	4322	/producto/59/edit
1	1	0	0	0	26076970	0	0	26076970	0	0	4331	/producto/63/edit
1	0	0	0	5	0	0	26077223	0	0	26075839	0	/media/wp-includes/wlwmanifest.xml
1	4	0	0	1	26076968	0	26076665	26076890	0	26076665	17221	/producto/66/edit
1	1	0	0	1	26076841	0	26076631	26076841	0	26076631	4304	/producto/3/edit
1	1	0	0	0	26076845	0	0	26076845	0	0	4305	/producto/9/edit
1	0	0	0	5	0	0	26077223	0	0	26075839	0	/website/wp-includes/wlwmanifest.xml
1	0	0	0	5	0	0	26077223	0	0	26075839	0	/2017/wp-includes/wlwmanifest.xml
1	6	0	0	0	26075671	0	0	26075671	0	0	462	/.well-known/pki-validation/8C514EE630CD6FB648F963EEE6700A47.txt
1	2	0	0	0	26077111	0	0	26077111	0	0	9828	/producto/83/edit
1	0	0	0	1	0	0	26078233	0	0	26078233	0	/user/register
1	0	0	0	1	0	0	26076889	0	0	26076889	0	/contactar
1	1	0	0	0	26077744	0	0	26077744	0	0	15607	/producto?codigo=164&page=4
1	1	0	0	0	26077036	0	0	26077036	0	0	8009	/verlistado?search=BOBINA
1	0	0	0	5	0	0	26077223	0	0	26075839	0	/web/wp-includes/wlwmanifest.xml
1	1	0	0	0	26076867	0	0	26076867	0	0	10225	/verlistado?codigo=bzm&page=6
1	1	0	0	0	26076867	0	0	26076867	0	0	12812	/verlistado?codigo=bzm&page=5
1	1	0	0	0	26076867	0	0	26076867	0	0	13107	/verlistado?codigo=bzm&page=4
1	1	0	0	0	26076867	0	0	26076867	0	0	13070	/verlistado?codigo=bzm&page=3
1	0	0	0	1	0	0	26076865	0	0	26076865	0	/wp-admin/install.php?step=1
1	2	0	0	0	26077760	0	0	26077760	0	0	25280	/verlistado?search=CARBONES&page=5
1	1	0	0	0	26076867	0	0	26076867	0	0	13110	/verlistado?codigo=bzm&page=2
1	1	0	0	0	26076867	0	0	26076867	0	0	12964	/verlistado?codigo=bzm&page=1
1	2	0	0	0	26077760	0	0	26077760	0	0	31190	/verlistado?search=CARBONES&page=1
1	1	0	0	7	26076176	0	26077544	26076176	0	26075839	478	/blog/wp-includes/wlwmanifest.xml
1	1	0	0	0	26077154	0	0	26077154	0	0	4928	/producto/134/edit
1	0	0	0	1	0	0	26076865	0	0	26076865	0	/wordpress/wp-admin/install.php?step=1
1	1	0	0	0	26076844	0	0	26076844	0	0	4302	/producto/12/edit
1	2	0	0	1	26077002	0	26076629	26076967	0	26076629	8657	/producto/15/edit
1	2	0	0	0	26076867	0	0	26076866	0	0	15540	/verlistado?codigo=bzm0467
1	1	0	0	0	26077167	0	0	26077167	0	0	4934	/producto/147/edit
1	27	0	0	1	26078582	0	26075125	26076537	0	26075125	0	/favicon.ico
1	1	0	0	0	26077008	0	0	26077008	0	0	4369	/producto/18/edit
1	1	0	0	8	26076176	0	26078932	26076176	0	26075839	478	/xmlrpc.php?rsd
1	0	0	0	1	0	0	26076896	0	0	26076896	0	/password/images/logo.png
1	0	0	0	1	0	0	26078233	0	0	26078233	0	/wp-login.php?action=register
1	54	0	0	1	26078498	0	26078498	26075266	0	26078498	5226506	/css/app.css
1	185	0	87	0	26077789	26077177	0	26076784	26076891	0	2625224	/producto
1	1	0	0	0	26077012	0	0	26077012	0	0	4402	/producto/22/edit
1	1	0	0	0	26077011	0	0	26077011	0	0	4420	/producto/25/edit
1	0	0	11	0	0	26077758	0	0	26076605	0	0	/logout
1	3	0	0	0	26077745	0	0	26076881	0	0	37959	/verlistado?search=PLAQUETA PORTACARBON
1	3	0	0	0	26078235	0	0	26077657	0	0	32324	/verlistado?page=8
1	1	0	0	0	26077017	0	0	26077017	0	0	4392	/producto/28/edit
1	2	0	0	0	26078235	0	0	26077033	0	0	25943	/verlistado?page=7
1	1	0	0	0	26077756	0	0	26077756	0	0	8111	/verlistado?codigo=Nfb
1	3	0	0	0	26078223	0	0	26076758	0	0	41801	/verlistado?page=6
1	4	0	0	0	26077657	0	0	26076866	0	0	55170	/verlistado?page=5
1	2	0	0	0	26077734	0	0	26076866	0	0	28880	/verlistado?page=4
1	1	0	0	0	26076866	0	0	26076866	0	0	13190	/verlistado?page=3
1	2	0	0	0	26077016	0	0	26077016	0	0	8876	/producto/32/edit
1	4	0	0	0	26076888	0	0	26076758	0	0	52140	/verlistado?page=2
1	1	0	0	0	26076865	0	0	26076865	0	0	12888	/verlistado?page=1
1	1	0	0	0	26077015	0	0	26077015	0	0	4401	/producto/35/edit
1	0	0	0	18	0	0	26077068	0	0	26075266	0	/images/LOGO PEQUE%C3%91O.ico
1	11	0	2	0	26076784	26076605	0	26076606	26076605	0	144992	/Producto/index
1	1	0	0	0	26077021	0	0	26077021	0	0	4426	/producto/38/edit
1	0	0	0	1	0	0	26076865	0	0	26076865	0	/wordpress/wp-admin/setup-config.php
1	4	0	0	0	26077785	0	0	26076859	0	0	60935	/verlistado?search=IMPULSORES
1	1	0	0	0	26077021	0	0	26077021	0	0	4382	/producto/42/edit
1	1	0	0	0	26077760	0	0	26077760	0	0	8186	/verlistado?codigo=asx+11
1	1	0	0	0	26076869	0	0	26076869	0	0	8087	/verlistado?codigo=0438
1	1	0	0	0	26077007	0	0	26077007	0	0	4359	/producto/45/edit
1	0	0	0	5	0	0	26077223	0	0	26075839	0	/test/wp-includes/wlwmanifest.xml
1	1	0	0	0	26077005	0	0	26077005	0	0	4396	/producto/48/edit
1	0	0	0	3	0	0	26077686	0	0	26076121	0	/administrator/index.php
1	1	0	0	0	26077004	0	0	26077004	0	0	4293	/producto/52/edit
1	226	226	7	1	26078581	26078932	26076746	26075083	26078587	26076746	763941	/
1	2	0	0	0	26077000	0	0	26077000	0	0	8727	/producto/55/edit
1	1	0	0	0	26076995	0	0	26076995	0	0	4322	/producto/58/edit
1	0	0	0	1	0	0	26076865	0	0	26076865	0	/vendor/phpunit/phpunit/phpunit.xsd
1	0	0	1	0	0	26077266	0	0	26077266	0	0	/producto/152
1	0	0	1	0	0	26077762	0	0	26077762	0	0	/producto/151
1	0	0	1	0	0	26077763	0	0	26077763	0	0	/producto/150
1	0	0	1	0	0	26077169	0	0	26077169	0	0	/producto/149
1	1	0	0	0	26076869	0	0	26076869	0	0	8087	/verlistado?codigo=438
1	0	0	1	0	0	26077740	0	0	26077740	0	0	/producto/148
1	2	0	0	0	26076994	0	0	26076993	0	0	8619	/producto/62/edit
1	0	0	1	0	0	26077167	0	0	26077167	0	0	/producto/147
1	7	0	0	0	26077746	0	0	26076689	0	0	18203	/actualizaPrecios
1	3	0	0	0	26076969	0	0	26076968	0	0	13090	/producto/65/edit
1	2	0	0	0	26077987	0	0	26077745	0	0	17441	/verlistado?search=AUTOMATICOS REPARADO
1	0	0	0	1	0	0	26076865	0	0	26076865	0	/test/wp-admin/setup-config.php
1	14	0	5	8	26078422	26077755	26076600	26075590	26076605	26075590	74443	/register
1	15	0	0	0	26078222	0	0	26076605	0	0	119746	/images/loguito.png
1	0	0	1	0	0	26077156	0	0	26077156	0	0	/producto/136
1	0	0	1	0	0	26077155	0	0	26077155	0	0	/producto/134
1	1	0	0	0	26076846	0	0	26076846	0	0	4297	/producto/8/edit
1	0	0	0	5	0	0	26077223	0	0	26075839	0	/2018/wp-includes/wlwmanifest.xml
1	0	0	0	2	0	0	26077686	0	0	26076161	0	/wp-login.php
1	111	0	41	0	26078582	26078581	0	26076605	26075267	0	559671	/home
1	64	0	0	1	26078498	0	26078498	26075266	0	26078498	16579096	/js/app.js
1	0	0	3	0	0	26076536	0	0	26074771	0	0	/cpanel
1	0	0	0	1	0	0	26078932	0	0	26078932	0	/blog/robots.txt
1	0	0	1	0	0	26077269	0	0	26077269	0	0	/producto/120
1	0	0	1	0	0	26077142	0	0	26077142	0	0	/producto/119
1	1	1	0	0	26077544	0	0	26077544	0	0	3966	/?91.199.212.132
1	47	0	0	1	26078498	0	26078498	26076753	0	26078498	12342752	/images/arranque.png
3	1	0	0	0	26077790	0	0	26077790	0	0	5402	http://www.dalpedidos.com/producto?codigo=NFB
3	1	0	1	0	26077007	26077007	0	26077007	26077007	0	13689	http://www.dalpedidos.com/producto/45/edit
3	2	0	0	0	26077756	0	0	26077756	0	0	16222	http://dalpedidos.com/verlistado?codigo=Nfb
3	1	0	1	0	26077005	26077005	0	26077005	26077005	0	13689	http://www.dalpedidos.com/producto/48/edit
3	1	1	0	0	26077064	0	0	26077064	0	0	3502	android-app://com.google.android.googlequicksearchbox
3	95	0	87	0	26077789	26077177	0	26076858	26076891	0	1351324	http://www.dalpedidos.com/producto/create
3	1	0	1	0	26077004	26077004	0	26077004	26077004	0	13689	http://www.dalpedidos.com/producto/52/edit
3	140	9	17	25	26078235	26077948	26078582	26076605	26076605	26076753	1631856	http://www.dalpedidos.com/home
3	2	0	2	0	26077001	26077001	0	26077000	26077000	0	27378	http://www.dalpedidos.com/producto/55/edit
3	1	0	0	0	26076869	0	0	26076869	0	0	12964	http://www.dalpedidos.com/verlistado?codigo=0438
3	2	0	0	0	26077762	0	0	26077761	0	0	31472	http://www.dalpedidos.com/producto/index?codigo=asx
3	1	0	1	0	26076995	26076995	0	26076995	26076995	0	13689	http://www.dalpedidos.com/producto/58/edit
3	1	0	0	0	26077744	0	0	26077744	0	0	5402	http://www.dalpedidos.com/producto?codigo=164&page=4
3	1	0	0	0	26077657	0	0	26077657	0	0	5407	http://www.dalpedidos.com/verlistado?codigo=35
3	1	0	0	0	26076868	0	0	26076868	0	0	8087	http://www.dalpedidos.com/verlistado?codigo=mercedes
3	23	0	0	2	26078235	0	26076846	26076758	0	26076758	262828	http://www.dalpedidos.com/verlistado
3	3	0	2	0	26076994	26076994	0	26076993	26076993	0	27406	http://www.dalpedidos.com/producto/62/edit
3	6	0	1	0	26077747	26076817	0	26076817	26076817	0	27673	http://www.dalpedidos.com/actualizaPrecios
3	2	0	0	0	26076888	0	0	26076765	0	0	3942	http://www.dalpedidos.com/libro/create
3	1	0	1	0	26077762	26077762	0	26077762	26077762	0	15496	http://www.dalpedidos.com/producto/index?codigo=11
3	3	0	0	0	26077787	0	0	26077746	0	0	18990	http://www.dalpedidos.com/verlistado?search=IMPULSORES
3	192	0	2	1	26077789	26077169	26076784	26076824	26076891	26076784	1439715	http://www.dalpedidos.com/producto
3	3	0	0	0	26076888	0	0	26076859	0	0	25497	http://www.dalpedidos.com/verlistado?search=AUTOMATICOS NUEVOS
3	1	1	1	0	26076878	26076878	0	26076878	26076878	0	3530	http://www.dalpedidos.com/verlistado?codigo=28
3	3	0	3	0	26076969	26076969	0	26076968	26076968	0	41138	http://www.dalpedidos.com/producto/65/edit
3	1	0	0	0	26077736	0	0	26077736	0	0	15097	http://www.dalpedidos.com/verlistado?codigo=25
3	2	0	1	4	26078273	26078273	26078273	26077948	26078273	26076895	9954	http://www.dalpedidos.com/password/reset
3	1	0	1	0	26076845	26076845	0	26076845	26076845	0	13150	http://www.dalpedidos.com/producto/10/edit
3	1	0	1	0	26077740	26077740	0	26077740	26077740	0	15531	http://www.dalpedidos.com/producto/148/edit
3	2	0	0	0	26076869	0	0	26076868	0	0	15857	http://www.dalpedidos.com/verlistado?codigo=bzm+0438
3	1	0	1	0	26076844	26076844	0	26076844	26076844	0	13150	http://www.dalpedidos.com/producto/13/edit
3	30	0	2	2	26078234	26077266	26076823	26076824	26076890	26076820	152628	http://www.dalpedidos.com/producto/index
3	1	1	0	0	26077005	0	0	26077005	0	0	3502	http://www.bing.com/
3	1	0	1	0	26077001	26077001	0	26077001	26077001	0	13689	http://www.dalpedidos.com/producto/16/edit
3	5	0	1	5	26077755	26077755	26076550	26076537	26077755	26076537	5363	http://dalpedidos.com/register
3	2	0	0	0	26077760	0	0	26077760	0	0	31190	http://www.dalpedidos.com/verlistado?search=CARBONES&page=5
3	2	0	0	0	26076869	0	0	26076867	0	0	18312	http://www.dalpedidos.com/verlistado?codigo=bzm
3	2	0	2	0	26077011	26077011	0	26077010	26077010	0	27378	http://www.dalpedidos.com/producto/19/edit
3	1	0	1	0	26077013	26077013	0	26077013	26077013	0	13689	http://www.dalpedidos.com/producto/20/edit
3	1	0	0	0	26077763	0	0	26077763	0	0	4963	http://www.dalpedidos.com/producto?codigo=asx
3	2	0	0	0	26077760	0	0	26077760	0	0	20826	http://www.dalpedidos.com/verlistado?search=CARBONES&page=1
3	1	0	1	0	26077012	26077012	0	26077012	26077012	0	13689	http://www.dalpedidos.com/producto/23/edit
3	1	0	0	0	26077036	0	0	26077036	0	0	10540	http://www.dalpedidos.com/verlistado?codigo=200
3	2	0	2	0	26077013	26077013	0	26077010	26077010	0	27378	http://www.dalpedidos.com/producto/26/edit
3	10	0	1	0	26077150	26076824	0	26076824	26076824	0	108890	http://www.dalpedidos.com/producto?page=7
3	1	0	1	0	26077017	26077017	0	26077017	26077017	0	13689	http://www.dalpedidos.com/producto/29/edit
3	1	0	1	0	26077017	26077017	0	26077017	26077017	0	13689	http://www.dalpedidos.com/producto/30/edit
3	1	0	1	0	26076842	26076842	0	26076842	26076842	0	13150	http://www.dalpedidos.com/producto/3/edit
3	13	0	0	0	26077150	0	0	26076842	0	0	86506	http://www.dalpedidos.com/producto?page=6
3	14	0	0	0	26077150	0	0	26077002	0	0	71950	http://www.dalpedidos.com/producto?page=5
3	1	0	0	0	26077745	0	0	26077745	0	0	8186	http://www.dalpedidos.com/verlistado?codigo=an
3	13	0	1	0	26077269	26077269	0	26077014	26077269	0	78818	http://www.dalpedidos.com/producto?page=4
3	11	0	0	0	26077150	0	0	26077007	0	0	58906	http://www.dalpedidos.com/producto?page=3
3	17	0	0	0	26077789	0	0	26076858	0	0	125444	http://www.dalpedidos.com/producto?page=2
3	1	0	1	0	26077016	26077016	0	26077016	26077016	0	13689	http://www.dalpedidos.com/producto/33/edit
3	1	0	0	0	26077150	0	0	26077150	0	0	4749	http://www.dalpedidos.com/producto?page=1
3	1	0	0	0	26077756	0	0	26077756	0	0	10886	http://dalpedidos.com/verlistado?codigo=NFB
3	5	0	0	11	26076784	0	26076784	26076622	0	26076647	32795	http://www.dalpedidos.com/Producto/index
3	2	0	0	0	26077987	0	0	26077963	0	0	326452	http://www.dalpedidos.com/verlistado?codigo=0052
3	1	0	1	0	26077014	26077014	0	26077014	26077014	0	13689	http://www.dalpedidos.com/producto/36/edit
3	1	0	1	0	26076846	26076845	0	26076846	26076845	0	13150	http://www.dalpedidos.com/producto/9/edit
3	3	3	0	0	26076380	0	0	26076380	0	0	8636	http://www.baidu.com/
3	1	0	1	0	26077024	26077024	0	26077024	26077024	0	13689	http://www.dalpedidos.com/producto/40/edit
3	1	0	1	0	26077022	26077022	0	26077022	26077022	0	13689	http://www.dalpedidos.com/producto/39/edit
3	1	0	1	0	26077142	26077142	0	26077142	26077142	0	14821	http://www.dalpedidos.com/producto/119/edit
3	1	0	1	0	26077021	26077021	0	26077021	26077021	0	13689	http://www.dalpedidos.com/producto/43/edit
3	3	1	0	0	26077756	0	0	26076643	0	0	19379	http://dalpedidos.com/verlistado
3	36	0	18	19	26078582	26078582	26076897	26075590	26076606	26075267	267288	http://www.dalpedidos.com/login
3	1	0	1	0	26077007	26077007	0	26077007	26077007	0	13689	http://www.dalpedidos.com/producto/46/edit
3	1	0	1	0	26077006	26077006	0	26077006	26077006	0	13689	http://www.dalpedidos.com/producto/49/edit
3	1	0	1	0	26077005	26077005	0	26077005	26077005	0	13689	http://www.dalpedidos.com/producto/50/edit
3	6	0	4	4	26077948	26077755	26076844	26076605	26076605	26075590	32407	http://www.dalpedidos.com/register
3	1	0	1	0	26077004	26077004	0	26077004	26077004	0	13689	http://www.dalpedidos.com/producto/53/edit
3	0	0	0	1	0	0	26076647	0	0	26076647	0	http://dalpedidos.com/Producto/index
3	1	0	1	0	26076996	26076996	0	26076996	26076996	0	13689	http://www.dalpedidos.com/producto/56/edit
3	1	0	1	0	26077156	26077156	0	26077156	26077156	0	14896	http://www.dalpedidos.com/producto/136/edit
3	1	0	0	0	26077036	0	0	26077036	0	0	4938	http://www.dalpedidos.com/verlistado?search=BOBINA
3	1	0	1	0	26076995	26076995	0	26076995	26076995	0	13685	http://www.dalpedidos.com/producto/59/edit
3	1	0	1	0	26076994	26076994	0	26076994	26076994	0	13695	http://www.dalpedidos.com/producto/60/edit
3	1	0	0	0	26076870	0	0	26076870	0	0	8146	http://www.dalpedidos.com/verlistado?codigo=438
3	1	0	1	0	26076971	26076971	0	26076971	26076971	0	13708	http://www.dalpedidos.com/producto/63/edit
3	1	0	0	0	26077938	0	0	26077938	0	0	15750	http://www.dalpedidos.com/producto/index?codigo=ASX
3	1	0	0	0	26077785	0	0	26077785	0	0	5402	http://www.dalpedidos.com/verlistado?codigo=10003
3	2	0	2	0	26076968	26076968	0	26076967	26076967	0	27423	http://www.dalpedidos.com/producto/66/edit
3	1	0	0	0	26077745	0	0	26077745	0	0	5402	http://www.dalpedidos.com/verlistado?codigo=auto
3	3	0	0	0	26077745	0	0	26076881	0	0	30199	http://www.dalpedidos.com/verlistado?search=PLAQUETA PORTACARBON
3	1	0	1	0	26076845	26076845	0	26076845	26076845	0	13150	http://www.dalpedidos.com/producto/11/edit
3	3	0	1	0	26077763	26077763	0	26077173	26077763	0	45881	http://www.dalpedidos.com/producto/150/edit
3	1	0	1	0	26076842	26076842	0	26076842	26076842	0	13150	http://www.dalpedidos.com/producto/14/edit
3	2	0	1	0	26076841	26076824	0	26076824	26076824	0	17454	http://www.dalpedidos.com/producto/index?page=7
3	2	0	2	0	26077009	26077009	0	26077002	26077002	0	27378	http://www.dalpedidos.com/producto/17/edit
3	1	0	1	0	26077013	26077013	0	26077013	26077013	0	13689	http://www.dalpedidos.com/producto/21/edit
3	1	0	0	0	26077066	0	0	26077066	0	0	7975	http://dalpedidos.com/verlistado?codigo=30
3	1	0	1	0	26077011	26077011	0	26077011	26077011	0	13689	http://www.dalpedidos.com/producto/24/edit
3	2	0	0	0	26076867	0	0	26076867	0	0	20734	http://www.dalpedidos.com/verlistado?codigo=bzm0467
3	225	7	38	13	26078581	26078581	26078498	26075266	26075267	26075125	24551661	http://www.dalpedidos.com/
3	2	0	2	0	26077111	26077111	0	26077111	26077111	0	28196	http://www.dalpedidos.com/producto/83/edit
3	1	0	1	0	26077014	26077014	0	26077014	26077014	0	13689	http://www.dalpedidos.com/producto/27/edit
3	1	1	0	1	26077840	0	26077840	26077840	0	26077840	3966	http://www.google.com/
3	2	0	1	0	26076842	26076842	0	26076837	26076842	0	26300	http://www.dalpedidos.com/producto/4/edit
3	1	0	1	0	26077016	26077016	0	26077016	26077016	0	13689	http://www.dalpedidos.com/producto/31/edit
3	8	0	3	0	26077754	26077065	0	26076537	26076643	0	57753	http://dalpedidos.com/login
3	89	16	3	4	26077893	26077754	26077064	26075487	26076537	26076537	17933890	http://dalpedidos.com/
3	1	0	1	0	26077015	26077015	0	26077015	26077015	0	13689	http://www.dalpedidos.com/producto/34/edit
3	4	0	1	2	26076817	26076784	26076635	26076624	26076784	26076631	33024	http://www.dalpedidos.com/Producto/index?page=7
3	0	0	0	2	0	0	26076629	0	0	26076629	0	http://www.dalpedidos.com/Producto/index?page=6
3	1	0	1	0	26077007	26077007	0	26077007	26077007	0	13689	http://www.dalpedidos.com/producto/37/edit
3	4	0	0	0	26077939	0	0	26076820	0	0	41209	http://www.dalpedidos.com/verlistado?search=CARBONES
3	1	0	0	0	26076623	0	0	26076623	0	0	8434	http://www.dalpedidos.com/Producto/index?page=2
3	1	0	1	0	26077024	26077024	0	26077024	26077024	0	13689	http://www.dalpedidos.com/producto/41/edit
3	1	0	1	0	26077020	26077020	0	26077020	26077020	0	13689	http://www.dalpedidos.com/producto/44/edit
3	2	0	0	0	26076888	0	0	26076765	0	0	9876	http://www.dalpedidos.com/libro
3	1	0	1	0	26077003	26077003	0	26077003	26077003	0	13689	http://www.dalpedidos.com/producto/47/edit
3	2	0	0	0	26077987	0	0	26077745	0	0	20493	http://www.dalpedidos.com/verlistado?search=AUTOMATICOS REPARADO
3	1	0	0	0	26077025	0	0	26077025	0	0	4938	http://www.dalpedidos.com/producto?codigo=200
3	1	0	0	0	26077761	0	0	26077761	0	0	5402	http://www.dalpedidos.com/verlistado?codigo=asx
3	1	0	1	0	26077004	26077004	0	26077004	26077004	0	13689	http://www.dalpedidos.com/producto/51/edit
3	1	0	0	0	26077656	0	0	26077656	0	0	8477	http://www.dalpedidos.com/verlistado?codigo=035
3	1	0	1	0	26077003	26077003	0	26077003	26077003	0	13689	http://www.dalpedidos.com/producto/54/edit
3	1	0	1	0	26077155	26077155	0	26077155	26077155	0	14890	http://www.dalpedidos.com/producto/134/edit
3	1	0	1	0	26076995	26076995	0	26076995	26076995	0	13692	http://www.dalpedidos.com/producto/57/edit
3	1	0	0	0	26077761	0	0	26077761	0	0	9431	http://www.dalpedidos.com/verlistado?codigo=asx+11
3	2	0	2	0	26076996	26076996	0	26076994	26076994	0	27387	http://www.dalpedidos.com/producto/61/edit
3	2	0	0	2	26076646	0	26076646	26076644	0	26076645	1963	http://dalpedidos.com/libro/create
3	2	1	1	2	26076765	26076605	26076951	26076605	26076605	26076889	2888	http://www.dalpedidos.com/test
3	1	0	0	0	26077948	0	0	26077948	0	0	24	http://www.dalpedidos.com/robots.txt
3	3	0	2	0	26076970	26076970	0	26076970	26076970	0	41132	http://www.dalpedidos.com/producto/64/edit
3	1	0	0	0	26077939	0	0	26077939	0	0	5396	http://www.dalpedidos.com/producto/index?codigo=ESCOB
3	1	0	0	0	26077744	0	0	26077744	0	0	15607	http://www.dalpedidos.com/producto?codigo=164
3	1	0	1	0	26077167	26077167	0	26077167	26077167	0	14857	http://www.dalpedidos.com/producto/147/edit
3	1	0	1	0	26076844	26076844	0	26076844	26076844	0	13150	http://www.dalpedidos.com/producto/12/edit
3	1	0	0	0	26076867	0	0	26076867	0	0	12812	http://www.dalpedidos.com/verlistado?codigo=bzm&page=6
3	1	0	0	0	26076867	0	0	26076867	0	0	12964	http://www.dalpedidos.com/verlistado?codigo=bzm&page=5
3	1	0	0	0	26076867	0	0	26076867	0	0	8087	http://www.dalpedidos.com/verlistado?codigo=bzm&page=4
3	1	0	0	0	26076867	0	0	26076867	0	0	13107	http://www.dalpedidos.com/verlistado?codigo=bzm&page=3
3	2	0	2	0	26077002	26077002	0	26076967	26076967	0	27409	http://www.dalpedidos.com/producto/15/edit
3	1	0	0	0	26076867	0	0	26076867	0	0	13070	http://www.dalpedidos.com/verlistado?codigo=bzm&page=2
3	1	0	0	0	26076867	0	0	26076867	0	0	13110	http://www.dalpedidos.com/verlistado?codigo=bzm&page=1
3	13	0	0	0	26077737	0	0	26076765	0	0	34116	http://www.dalpedidos.com/Libro/index
3	1	0	1	0	26077008	26077008	0	26077008	26077008	0	13689	http://www.dalpedidos.com/producto/18/edit
3	1	0	0	0	26077737	0	0	26077737	0	0	5402	http://www.dalpedidos.com/verlistado?search=PLAQUETA PORTACARBON&page=4
3	1	0	0	0	26077745	0	0	26077745	0	0	8186	http://www.dalpedidos.com/verlistado?search=PLAQUETA PORTACARBON&page=2
3	1	0	1	0	26077012	26077012	0	26077012	26077012	0	13689	http://www.dalpedidos.com/producto/22/edit
3	2	0	0	0	26078235	0	0	26077657	0	0	26687	http://www.dalpedidos.com/verlistado?page=8
3	3	0	0	0	26078235	0	0	26077033	0	0	34460	http://www.dalpedidos.com/verlistado?page=7
3	1	0	0	1	26076866	0	26076758	26076866	0	26076758	7770	http://www.dalpedidos.com/verlistado?page=6
3	3	0	0	0	26077036	0	0	26076866	0	0	28379	http://www.dalpedidos.com/verlistado?page=5
3	1	0	1	0	26077011	26077011	0	26077011	26077011	0	13689	http://www.dalpedidos.com/producto/25/edit
3	3	0	0	0	26078582	0	0	26077080	0	0	0	http://www.dalpedidos.com/produ-list-pdf
3	2	0	0	0	26077736	0	0	26076866	0	0	23401	http://www.dalpedidos.com/verlistado?page=4
3	1	0	0	0	26076866	0	0	26076866	0	0	13150	http://www.dalpedidos.com/verlistado?page=3
3	5	0	0	1	26076888	0	26076758	26076758	0	26076758	57067	http://www.dalpedidos.com/verlistado?page=2
3	1	0	0	0	26076866	0	0	26076866	0	0	13044	http://www.dalpedidos.com/verlistado?page=1
3	1	0	1	0	26077018	26077018	0	26077018	26077018	0	13689	http://www.dalpedidos.com/producto/28/edit
3	4	0	0	0	26076647	0	0	26076644	0	0	12572	http://dalpedidos.com/Libro/index
3	1	0	1	0	26077016	26077016	0	26077016	26077016	0	13689	http://www.dalpedidos.com/producto/32/edit
3	1	0	0	0	26077789	0	0	26077789	0	0	15649	http://www.dalpedidos.com/producto?codigo=NFS
3	1	0	0	0	26076644	0	0	26076644	0	0	4256	http://dalpedidos.com/libro
3	1	0	1	0	26077015	26077015	0	26077015	26077015	0	13689	http://www.dalpedidos.com/producto/35/edit
3	1	0	2	0	26076847	26076847	0	26076847	26076846	0	13150	http://www.dalpedidos.com/producto/8/edit
3	1	0	1	0	26077021	26077021	0	26077021	26077021	0	13689	http://www.dalpedidos.com/producto/38/edit
3	14	1	6	1	26077756	26077755	26076644	26076643	26077755	26076644	118675	http://dalpedidos.com/home
3	1	0	1	0	26077021	26077021	0	26077021	26077021	0	13689	http://www.dalpedidos.com/producto/42/edit
4	1	1	0	0	26077428	0	0	26077428	0	0	3966	Mozilla/5.0 (X11; Linux i686 on x86_64; rv:51.0) Gecko/20100101 Firefox/51.0
4	1	1	0	0	26077840	0	0	26077840	0	0	3966	Mozilla/5.0 (Windows NT 6.3; WOW64; rv:36.0) Gecko/20100101 Firefox/36.0
4	10	1	2	2	26078274	26078274	26078273	26078272	26078273	26078273	1197997	Mozilla/5.0 (Linux; Android 9; Mi A1) AppleWebKit/537.36 (KHTML, like Gecko) Chrome/75.0.3770.143 Mobile Safari/537.36
4	1	1	0	1	26077005	0	26077005	26077005	0	26077005	3502	Mozilla/5.0 (X11; Linux x86_64) AppleWebKit/537.36 (KHTML, like Gecko) Chrome/49.0.2623.75 Safari/537.36 Google Favicon
4	0	0	0	6	0	0	26077686	0	0	26076120	0	Mozilla/4.0 (compatible; Synapse)
4	19	1	2	0	26078235	26078223	0	26078222	26078222	0	1317164	Mozilla/5.0 (Linux; Android 10; Pixel 3) AppleWebKit/537.36 (KHTML, like Gecko) Chrome/75.0.3770.143 Mobile Safari/537.36
4	12	2	0	0	26076808	0	0	26076807	0	0	3100404	Mozilla/5.0 (Windows NT 10.0; Win64; x64) AppleWebKit/537.36 (KHTML, like Gecko) Chrome/52.0.2743.116 Safari/537.36 Edge/15.15063
4	0	0	0	1	0	0	26076689	0	0	26076689	0	Dalvik/2.1.0 (Linux; U; Android 8.1.0; SM-G610M Build/M1AJQ)
4	6	1	0	0	26078137	0	0	26078137	0	0	1175863	Mozilla/5.0 (Linux; Android 8.0.0; moto e5) AppleWebKit/537.36 (KHTML, like Gecko) Chrome/75.0.3770.143 Mobile Safari/537.36
4	10	2	0	0	26077401	0	0	26077036	0	0	2329446	Mozilla/5.0 (Unknown; Linux x86_64) AppleWebKit/538.1 (KHTML, like Gecko) PhantomJS/2.1.1 Safari/538.1
4	11	1	2	1	26077066	26077065	26077064	26077064	26077065	26077064	1216790	Mozilla/5.0 (Linux; Android 5.1.1; SAMSUNG-SM-N910A) AppleWebKit/537.36 (KHTML, like Gecko) Chrome/75.0.3770.143 Mobile Safari/537.36
4	2	2	0	0	26076878	0	0	26076857	0	0	7032	Mozilla/5.0 (Windows NT 6.1; WOW64) AppleWebKit/534.24 (KHTML, like Gecko) Chrome/11.0.696.71 Safari/534.24
4	2	1	0	0	26077880	0	0	26077880	0	0	14852	Mozilla/5.0 (Windows NT 10.0; Win64; x64; rv:64.0) Gecko/20100101 Firefox/64.0
4	4	3	0	2	26077840	0	26077840	26077840	0	26077840	3966	Mozilla/5.0 (Windows NT 6.3; WOW64; rv:49.0) Gecko/20100101 Firefox/49.0
4	1	0	4	2	26078932	26078932	26078932	26078932	26078932	26078932	24	Mozilla/5.0 (Windows NT 10.0; Win64; x64; rv:50.0) Gecko/20100101 Firefox/50.0
4	1	0	1	0	26078422	26078422	0	26078422	26078422	0	6090	Mozilla/5.0 (Macintosh; Intel Mac OS X 10_9_0) AppleWebKit/537.36 (KHTML, like Gecko) Chrome/31.0.1650.57 Safari/537.36
4	2	2	0	0	26075176	0	0	26075176	0	0	1246	Mozilla/5.0 (Windows NT 10.0; Win64; x64) AppleWebKit/537.36 (KHTML like Gecko) Chrome/51.0.2704.79 Safari/537.36 Edge/14.14931
4	2	2	0	0	26078098	0	0	26076718	0	0	6820	Mozilla/5.0 (Linux; U; Android 4.4.2; en-us; SCH-I535 Build/KOT49H) AppleWebKit/534.30 (KHTML, like Gecko) Version/4.0 Mobile Safari/534.30
4	1	1	0	1	26078422	0	26078437	26078422	0	26078437	3988	Mozilla/5.0 (X11; Linux x86_64) AppleWebKit/537.36 (KHTML, like Gecko) Chrome/31.0.1650.57 Safari/537.36
4	20	2	3	1	26077302	26076689	26076687	26076687	26076687	26076687	1803477	Mozilla/5.0 (Linux; Android 8.1.0; SAMSUNG SM-G610M Build/M1AJQ) AppleWebKit/537.36 (KHTML, like Gecko) SamsungBrowser/9.4 Chrome/67.0.3396.87 Mobile Safari/537.36
4	34	5	4	12	26076647	26076643	26076647	26075834	26076536	26075835	1215170	Mozilla/5.0 (X11; Linux x86_64) AppleWebKit/537.36 (KHTML, like Gecko) Chrome/75.0.3770.142 Safari/537.36
4	1	0	0	0	26077840	0	0	26077840	0	0	24	Mozilla/5.0 (compatible; Googlebot/2.1; +http://www.google.com/bot.html)
4	5	1	0	0	26077005	0	0	26077005	0	0	1142621	Mozilla/5.0 (compatible; MSIE 8.0; Windows NT 6.1; Trident/4.0; .NET CLR 2.0.50727; .NET CLR 3.5.30729; .NET CLR 3.0.30729; .NET CLR 1.0.3705; .NET CLR 1.1.4322)
4	5	5	0	0	26077592	0	0	26076511	0	0	17154	Go-http-client/1.1
4	2	2	0	7	26077325	0	26077325	26077325	0	26077325	7932	Mozilla/5.0 (Windows NT 10.0; Win64; x64) AppleWebKit/537.36 (KHTML, like Gecko) Chrome/61.0.3163.100 Safari/537.36
4	0	0	0	11	0	0	26076866	0	0	26076865	0	Mozilla/5.0 (X11; Linux x86_64; rv:52.0) Gecko/20100101 Firefox/52.0
4	2	2	1	20	26077223	26078784	26077223	26077223	26078784	26077223	7932	Mozilla/5.0 (Windows NT 6.3; Win64; x64) AppleWebKit/537.36 (KHTML, like Gecko) Chrome/73.0.3683.86 Safari/537.36
4	5	1	0	0	26077359	0	0	26077359	0	0	1164955	Mozilla/5.0 (X11; Linux x86_64) AppleWebKit/537.36 (KHTML, like Gecko; Google Page Speed Insights) Chrome/41.0.2272.118 Safari/537.36
4	1	1	0	0	26077475	0	0	26077475	0	0	3966	Mozilla/5.0 (Windows NT 10.0; WOW64; Trident/7.0; rv:11.0) like Gecko/20100101 Firefox/12.0
4	5	5	0	0	26077575	0	0	26075900	0	0	16512	Mozilla/5.0 (X11; Linux x86_64) AppleWebKit/537.36 (KHTML, like Gecko) Chrome/65.0.3325.181 Safari/537.36
4	6	2	0	0	26075488	0	0	26075487	0	0	804897	CheckMarkNetwork/1.0 (+http://www.checkmarknetwork.com/spider.html)
4	1	1	0	0	26077893	0	0	26077893	0	0	3960	Mozilla/5.0 (Linux; Android 9; Mi A1 Build/PKQ1.180917.001; wv) AppleWebKit/537.36 (KHTML, like Gecko) Version/4.0 Chrome/74.0.3729.157 Mobile Safari/537.36
4	14	5	0	0	26076802	0	0	26076380	0	0	1676323	Mozilla/5.0 (Linux; U; Android 8.1.0; zh-CN; EML-AL00 Build/HUAWEIEML-AL00) AppleWebKit/537.36 (KHTML, like Gecko) Version/4.0 Chrome/57.0.2987.108 baidu.sogo.uc.UCBrowser/11.9.4.974 UWS/2.13.1.48 Mobile Safari/537.36 AliApp(DingTalk/4.5.11) com.alibaba.android.rimet/10487439 Channel/227200 language/zh-CN
4	1	0	0	0	26077471	0	0	26077471	0	0	337106	Opera/12.0(Windows NT 5.1;U;en)Presto/22.9.168 Version/12.00
4	5	1	0	0	26077948	0	0	26077948	0	0	27146	Mozilla
4	1	1	0	0	26077120	0	0	26077120	0	0	3467	Mozilla/5.0 (Windows NT 10.0; Win64; x64) AppleWebKit/537.36 (KHTML, like Gecko) Chrome/71.0.3578.80 Safari/537.36
4	7	0	0	0	26075671	0	0	26075671	0	0	526	COMODO DCV
4	1	0	0	0	26078437	0	0	26078437	0	0	385711	Mozilla/5.0 (Windows NT 5.1; rv:26.0) Gecko/20100101 Firefox/26.0
4	3	3	0	0	26076879	0	0	26076870	0	0	10506	Mozilla/5.0 (Windows NT 6.1; WOW64; rv:41.0) Gecko/20100101 Firefox/41.0
4	19	2	1	8	26076897	26076896	26076897	26076856	26076896	26076856	1207473	Mozilla/5.0 (Windows NT 10.0; Win64; x64) AppleWebKit/537.36 (KHTML, like Gecko) Chrome/64.0.3282.140 Safari/537.36 Edge/17.17134
4	51	0	4	0	26077802	26077763	0	26077758	26077758	0	600852	Mozilla/5.0 (Windows NT 10.0; Win64; x64) AppleWebKit/537.36 (KHTML, like Gecko) Chrome/76.0.3809.87 Safari/537.36
4	1	1	0	0	26076846	0	0	26076846	0	0	3502	Mozilla/5.0 (Windows NT 10.0; WOW64) AppleWebKit/537.36 (KHTML, like Gecko) Chrome/20.0.1132.57 Safari/537.36
4	1	1	0	0	26075852	0	0	26075852	0	0	2860	Mozilla/5.0 (Windows NT 5.1) AppleWebKit/537.36 (KHTML, like Gecko) Chrome/31.0.1650.16 Safari/537.36
4	5	2	0	0	26076412	0	0	26076412	0	0	559495	Mozilla/5.0 (Linux; U; Android 4.0.2; en-us; Galaxy Nexus Build/ICL53F) AppleWebKit/534.30 (KHTML, like Gecko) Version/4.0 Mobile Safari/534.30
4	1	1	0	0	26076744	0	0	26076744	0	0	2888	Mozilla/5.0 (Windows NT 6.1; Win64; x64; rv:66.0) Gecko/20100101 Firefox/66.0
4	1	0	0	0	26078422	0	0	26078422	0	0	6090	Mozilla/5.0 (Windows NT 5.1; rv:25.0) Gecko/20100101 Firefox/25.0
4	2	2	0	0	26077358	0	0	26077358	0	0	7932	Mozilla/5.0 (Macintosh; Intel Mac OS X 10_14_3) AppleWebKit/537.36 (KHTML, like Gecko) Chrome/72.0.3626.121 Safari/537.36
4	8	1	2	0	26078096	26078096	0	26078095	26078096	0	1188043	Mozilla/5.0 (Linux; Android 7.0; HUAWEI VNS-L23) AppleWebKit/537.36 (KHTML, like Gecko) Chrome/75.0.3770.101 Mobile Safari/537.36
4	1	1	0	0	26077903	0	0	26077903	0	0	3960	Wget/1.12 (linux-gnu)
4	1	1	0	0	26077220	0	0	26077220	0	0	3966	Mozilla/5.0 (Windows NT 6.1; WOW64; rv:40.0) Gecko/20100101 Firefox/40.1
4	57	5	10	7	26077657	26077655	26077080	26076841	26076845	26076841	1406110	Mozilla/5.0 (iPhone; CPU iPhone OS 12_4 like Mac OS X) AppleWebKit/605.1.15 (KHTML, like Gecko) Version/12.1.2 Mobile/15E148 Safari/604.1
4	2	2	0	0	26077893	0	0	26077163	0	0	7427	Mozilla/5.0 (Windows NT 10.0; Win64; x64) AppleWebKit/537.36 (KHTML, like Gecko) Chrome/75.0.3770.100 Safari/537.36
4	2	0	0	0	26078422	0	0	26078422	0	0	132628	Mozilla/5.0 (Windows NT 6.1; WOW64; rv:25.0) Gecko/20100101 Firefox/25.0
4	1	1	0	0	26075106	0	0	26075106	0	0	623	Mozilla/4.0 (compatible; MSIE 8.0; Windows NT 6.0)
4	1	1	0	0	26078422	0	0	26078422	0	0	3988	Mozilla/5.0 (Windows NT 6.3; WOW64) AppleWebKit/537.36 (KHTML, like Gecko) Chrome/31.0.1650.63 Safari/537.36
4	62	4	10	7	26077679	26077679	26076897	26076887	26076887	26076887	2658421	Mozilla/5.0 (Windows NT 6.1; Win64; x64) AppleWebKit/537.36 (KHTML, like Gecko) Chrome/75.0.3770.142 Safari/537.36
4	0	0	1	0	0	26078856	0	0	26078856	0	0	Mozilla/5.0
4	1	1	0	0	26077893	0	0	26077893	0	0	3960	Mozilla/5.0 (Windows NT 6.1; WOW64) AppleWebKit/534+ (KHTML, like Gecko) BingPreview/1.0b
4	6	2	0	0	26077840	0	0	26077840	0	0	1168921	Mozilla/5.0 (X11; Linux x86_64) AppleWebKit/537.36 (KHTML, like Gecko) Chrome/74.0.3694.0 Safari/537.36 Chrome-Lighthouse
4	1	1	0	0	26078326	0	0	26078326	0	0	3988	Mozilla/5.0 (compatible; MSIE 9.0; Windows NT 6.1; WOW64; Trident/5.0) AppleWebKit/537.22 (KHTML, like Gecko) Chrome/25.0.1364.172 Safari/537.22
4	5	1	0	0	26077840	0	0	26077840	0	0	1164955	Mozilla/5.0 (Linux; Android 6.0.1; Nexus 5X Build/MMB29P) AppleWebKit/537.36 (KHTML, like Gecko) Chrome/41.0.2272.96 Mobile Safari/537.36 (compatible; Googlebot/2.1; +http://www.google.com/bot.html)
4	4	4	0	0	26077123	0	0	26075949	0	0	6383	Mozilla/5.0 (Linux; Android 6.0; Nexus 5 Build/MRA58N) AppleWebKit/537.36 (KHTML, like Gecko) Chrome/58.0.3029.81 Mobile Safari/537.36
4	3	2	0	2	26078233	0	26078233	26078233	0	26078233	11920	Mozilla/5.0 (Windows NT 5.1) AppleWebKit/537.36 (KHTML, like Gecko) Chrome/49.0.2623.112 Safari/537.36
4	1	0	0	0	26078437	0	0	26078437	0	0	310371	Mozilla/5.0 (Windows NT 6.1; WOW64; rv:24.0) Gecko/20100101 Firefox/24.0
4	6	2	0	0	26077840	0	0	26077840	0	0	1168921	Mozilla/5.0 (Linux; Android 6.0.1; Nexus 5 Build/MRA58N) AppleWebKit/537.36 (KHTML, like Gecko) Chrome/74.0.3694.0 Mobile Safari/537.36 Chrome-Lighthouse
4	2	2	0	0	26077893	0	0	26076802	0	0	7462	Mozilla/5.0 (Linux; Android 4.2.1; en-us; Nexus 5 Build/JOP40D) AppleWebKit/535.19 (KHTML, like Gecko; googleweblight) Chrome/38.0.1025.166 Mobile Safari/535.19
4	1	1	0	0	26075083	0	0	26075083	0	0	623	Mozilla/5.0 (Macintosh; Intel Mac OS X 10_13_6) AppleWebKit/537.36 (KHTML, like Gecko) Chrome/68.0.3440.84 Safari/537.36
4	1	1	0	0	26075721	0	0	26075721	0	0	2860	Apache-HttpClient/4.5.6 (Java/1.8.0_212)
4	1	1	0	0	26077005	0	0	26077005	0	0	3502	Mozilla/5.0 (Windows; U; MSIE 9.0; Windows NT 9.0; en-US) AppEngine-Google; (+http://code.google.com/appengine; appid: s~virustotalcloud)
4	1	1	0	1	26077005	0	26077005	26077005	0	26077005	3502	Mozilla/5.0 (Windows; U; MSIE 9.0; Windows NT 9.0; en-US)
4	0	0	1	0	0	26074771	0	0	26074771	0	0	Mozilla/5.0 (Linux; Android 6.0.1; MotoG3 Build/MPIS24.107-55-2-17) AppleWebKit/537.36 (KHTML, like Gecko) Chrome/68.0.3440.70 Mobile Safari/537.36
4	1	1	0	0	26077916	0	0	26077916	0	0	3960	Mozilla/5.0 (Windows NT 10.0; Win64; x64) AppleWebKit/537.36 (KHTML, like Gecko) Chrome/72.0.3626.109 Safari/537.36
4	3	3	0	0	26075954	0	0	26075674	0	0	2888	python-requests/2.18.4
4	1	1	0	0	26076802	0	0	26076802	0	0	3502	Mozilla/5.0 (X11; Linux x86_64; rv:60.0) Gecko/20100101 Firefox/60.0
4	1	1	0	0	26077006	0	0	26077006	0	0	3502	Mozilla/5.0 (X11; Linux x86_64; rv:59.0) Gecko/20100101 Firefox/59.0
4	4	4	0	0	26076423	0	0	26075170	0	0	6966	Mozilla/5.0 (Windows NT 10.0; Win64; x64) AppleWebKit/537.36 (KHTML, like Gecko) Chrome/74.0.3729.169 Safari/537.36
4	3	3	0	0	26077410	0	0	26077406	0	0	11982	Mozilla/5.0 (iPhone; CPU iPhone OS 11_0 like Mac OS X) AppleWebKit/604.1.38 (KHTML, like Gecko) Version/11.0 Mobile/15A372 Safari/604.1
4	3	3	0	0	26077605	0	0	26077327	0	0	11961	Mozilla/5.0 (X11; Ubuntu; Linux x86_64; rv:58.0) Gecko/20100101 Firefox/58.0
4	0	0	1	0	0	26078592	0	0	26078592	0	0	Mozilla/5.0 (X11; Linux x86_64) AppleWebKit/602.1 (KHTML, like Gecko) splash Version/9.0 Safari/602.1
4	6	2	2	0	26077341	26077342	0	26077341	26077341	0	16247	Mozilla/5.0 (iPhone; CPU iPhone OS 10_3 like Mac OS X) AppleWebKit/602.1.50 (KHTML
4	2	1	0	0	26077006	0	0	26077006	0	0	340608	Mozilla/5.0 (compatible; MSIE 9.0; Windows NT 6.0; Trident/5.0)
4	24	2	8	0	26077756	26077755	0	26077743	26077754	0	1510535	Mozilla/5.0 (Linux; Android 9; SAMSUNG SM-A605GN Build/PPR1.180610.011) AppleWebKit/537.36 (KHTML, like Gecko) SamsungBrowser/9.4 Chrome/67.0.3396.87 Mobile Safari/537.36
4	6	1	1	0	26077948	26077948	0	26077948	26077948	0	27170	Mozilla/5.0 (Macintosh; Intel Mac OS X 10_12_1) AppleWebKit/537.36 (KHTML, like Gecko) Chrome/58.0.3029.110 Safari/537.36
4	6	1	0	0	26078095	0	0	26078095	0	0	1175863	Mozilla/5.0 (Windows NT 10.0; Win64; x64; rv:68.0) Gecko/20100101 Firefox/68.0
4	1	1	0	0	26077903	0	0	26077903	0	0	3960	curl/7.19.7 (x86_64-redhat-linux-gnu) libcurl/7.19.7 NSS/3.27.1 zlib/1.2.3 libidn/1.18 libssh2/1.4.2
4	6	3	1	0	26077318	26078774	0	26075711	26078774	0	1021004	Mozilla/5.0 (Windows NT 6.1; Win64; x64) AppleWebKit/537.36 (KHTML, like Gecko) Chrome/73.0.3683.75 Safari/537.36
4	7	2	0	0	26078094	0	0	26078094	0	0	1179851	Mozilla/5.0 (Linux; U; Android 8.1.0; SM-J710MN Build/M1AJQ; wv) AppleWebKit/537.36 (KHTML, like Gecko) Version/4.0 Chrome/75.0.3770.143 Mobile Safari/537.36 OPR/43.3.2254.141404
4	1	1	0	0	26077469	0	0	26077469	0	0	3966	Mozilla/5.0 (Macintosh; PPC Mac OS X 10.12; rv:53.0) Gecko/20100101 Firefox/53.0
4	0	0	1	0	0	26078869	0	0	26078869	0	0	Mozilla/5.0 (Macintosh; Intel Mac OS X 10.12; rv:52.0) Gecko/20100101 Firefox/52.0
4	17	2	1	0	26078106	26078106	0	26078105	26078106	0	2382500	Mozilla/5.0 (Linux; Android 8.1.0; Moto G (5S) Build/OPPS28.65-37-7-6) AppleWebKit/537.36 (KHTML, like Gecko) Chrome/66.0.3359.126 Mobile Safari/537.36
4	2	2	0	0	26076424	0	0	26076023	0	0	5720	Mozilla/5.1 (Windows NT 6.1; WOW64; rv:36.0) Gecko/20100101 Firefox/36.0
4	811	66	223	70	26078582	26078587	26078582	26075125	26074803	26075125	13258942	Mozilla/5.0 (Windows NT 10.0; Win64; x64) AppleWebKit/537.36 (KHTML, like Gecko) Chrome/75.0.3770.142 Safari/537.36
4	1	0	0	0	26077428	0	0	26077428	0	0	337106	Mozilla/5.0 (compatible, MSIE 11, Windows NT 6.3; Trident/7.0; rv:11.0) like Gecko
4	1	1	0	0	26077163	0	0	26077163	0	0	3467	Mozilla/5.0 (iPhone; CPU iPhone OS 12_3_1 like Mac OS X) AppleWebKit/605.1.15 (KHTML, like Gecko) Mobile/15E148
4	1	1	0	0	26077840	0	0	26077840	0	0	3966	Validator.nu/LV http://validator.w3.org/services
4	1	0	0	2	26076897	0	26076897	26076897	0	26076897	310371	WhatsApp/2.19.34 A
4	4	1	0	0	26075731	0	0	26075731	0	0	556635	Mozilla/5.0 (X11; Linux x86_64) AppleWebKit/537.36 (KHTML, like Gecko) HeadlessChrome/74.0.3729.157 Safari/537.36
4	2	2	0	0	26077163	0	0	26076802	0	0	6969	Mozilla/5.0 (iPhone; CPU iPhone OS 12_2 like Mac OS X) AppleWebKit/605.1.15 (KHTML, like Gecko) Version/12.1 Mobile/15E148 Safari/604.1
4	1	1	0	0	26077840	0	0	26077840	0	0	3966	Mozilla/5.0 (Windows; U; Windows NT 5.1; en-US; rv:1.8.1.13) Gecko/20080311 Firefox/2.0.0.13
4	7	1	1	0	26078140	26078140	0	26078140	26078140	0	1181953	Mozilla/5.0 (Linux; Android 8.0.0; SM-A720F) AppleWebKit/537.36 (KHTML, like Gecko) Chrome/75.0.3770.143 Mobile Safari/537.36
4	19	12	0	87	26077544	0	26077544	26075839	0	26075839	37542	Mozilla/5.0 (Windows NT 10.0; Win64; x64) AppleWebKit/537.36 (KHTML, like Gecko) Chrome/63.0.3239.132 Safari/537.36
4	1	0	0	0	26078422	0	0	26078422	0	0	6151	Mozilla/5.0 (Macintosh; Intel Mac OS X 10.6; rv:26.0) Gecko/20100101 Firefox/26.0
5	2	1	0	0	26077880	0	0	26077880	0	0	14852	216.163.188.191
5	4	0	0	0	26075671	0	0	26075671	0	0	295	178.33.191.192
5	17	2	1	0	26078106	26078106	0	26078105	26078106	0	2382500	186.143.198.36
5	0	0	1	0	0	26078273	0	0	26078273	0	0	186.18.17.2
5	4	0	0	0	26077066	0	0	26077064	0	0	526383	66.249.85.24
5	6	1	0	1	26077065	0	26077064	26077064	0	26077064	675109	66.249.85.23
5	1	0	1	0	26077065	26077065	0	26077065	26077065	0	15298	66.249.85.22
5	19	1	2	0	26078235	26078223	0	26078222	26078222	0	1317164	170.51.185.142
5	121	5	18	0	26077802	26077763	0	26077732	26077733	0	3676527	181.44.130.135
5	5	1	0	0	26077401	0	0	26077401	0	0	1164955	173.232.226.37
5	1	1	0	0	26076879	0	0	26076879	0	0	3502	169.50.212.19
5	1	1	0	0	26077840	0	0	26077840	0	0	3966	128.30.52.96
5	1	0	0	0	26078437	0	0	26078437	0	0	385711	82.80.249.164
5	1	1	0	0	26077005	0	0	26077005	0	0	3502	107.178.194.74
5	6	1	1	0	26078422	26078422	0	26078422	26078422	0	154947	82.80.249.156
5	20	2	3	2	26077302	26076689	26076689	26076687	26076687	26076687	1803477	186.19.135.45
5	1	1	0	0	26077226	0	0	26077226	0	0	3966	34.209.150.196
5	7	1	1	0	26078140	26078140	0	26078140	26078140	0	1181953	179.36.209.190
5	1	1	0	0	26075954	0	0	26075954	0	0	2888	158.69.84.29
5	4	4	0	0	26077293	0	0	26075900	0	0	12546	70.23.207.119
5	3	1	0	0	26078094	0	0	26078094	0	0	325245	107.167.116.73
5	4	4	0	0	26076423	0	0	26075170	0	0	6966	93.63.162.100
5	1	1	0	0	26075852	0	0	26075852	0	0	2860	54.39.100.61
5	3	2	0	2	26078233	0	26078233	26078233	0	26078233	11920	178.175.132.226
5	1	0	0	0	26076380	0	0	26076380	0	0	88868	42.236.10.93
5	1	1	0	0	26077173	0	0	26077173	0	0	3495	122.176.132.84
5	0	0	1	0	0	26078592	0	0	26078592	0	0	34.244.104.150
5	1	1	0	1	26075125	0	26075125	26075125	0	26075125	623	186.19.129.87
5	4	1	0	0	26078094	0	0	26078094	0	0	854606	181.28.250.179
5	2	0	0	0	26076412	0	0	26076412	0	0	216669	104.192.108.10
5	3	2	0	1	26078437	0	26078437	26078326	0	26078437	318347	82.80.230.228
5	3	2	0	0	26076380	0	0	26076380	0	0	342826	42.236.10.78
5	1	1	0	0	26078043	0	0	26078043	0	0	3988	198.186.192.103
5	1	0	0	0	26076380	0	0	26076380	0	0	127801	42.236.10.75
5	0	0	0	2	0	0	26076121	0	0	26076120	0	109.202.107.5
5	9	1	2	0	26077679	26077679	0	26077678	26077678	0	1194452	181.230.106.30
5	1	1	0	0	26075083	0	0	26075083	0	0	623	34.200.245.64
5	14	0	2	0	26077657	26077655	0	26077655	26077655	0	104331	181.23.255.191
5	0	0	0	2	0	0	26076161	0	0	26076161	0	134.19.179.179
5	1	1	0	0	26076802	0	0	26076802	0	0	3502	51.75.162.53
5	4	0	0	0	26077840	0	0	26077840	0	0	1209594	66.249.82.99
5	1	1	0	0	26077120	0	0	26077120	0	0	3467	35.233.247.62
5	3	1	0	0	26077840	0	0	26077840	0	0	651443	66.249.82.96
5	3	1	0	0	26076380	0	0	26076380	0	0	428862	42.236.10.117
5	1	1	0	1	26077005	0	26077005	26077005	0	26077005	3502	35.203.245.208
5	6	2	2	0	26077341	26077342	0	26077341	26077341	0	16247	221.229.218.152
5	1	1	0	0	26076512	0	0	26076512	0	0	2860	34.211.54.231
5	1	1	0	0	26076846	0	0	26076846	0	0	3502	50.2.81.136
5	5	1	0	0	26076380	0	0	26076380	0	0	684464	42.236.10.106
5	1	1	0	0	26076412	0	0	26076412	0	0	2860	171.13.14.35
5	1	1	0	0	26076511	0	0	26076511	0	0	2860	18.236.113.108
5	1	0	0	0	26077005	0	0	26077005	0	0	337106	204.13.201.139
5	1	0	0	0	26077005	0	0	26077005	0	0	337106	204.13.201.140
5	3	1	0	0	26077005	0	0	26077005	0	0	468409	204.13.201.138
5	1	1	0	0	26077893	0	0	26077893	0	0	3960	196.52.84.58
5	2	0	0	0	26077840	0	0	26077840	0	0	722817	66.249.64.198
5	2	2	0	0	26076878	0	0	26076857	0	0	7032	40.76.35.32
5	1	1	0	0	26076744	0	0	26076744	0	0	2888	167.114.226.133
5	2	0	0	0	26077840	0	0	26077840	0	0	127825	66.249.64.195
5	1	1	0	0	26075106	0	0	26075106	0	0	623	104.238.217.123
5	2	1	0	0	26077840	0	0	26077840	0	0	314337	66.249.64.192
5	1	0	0	0	26077471	0	0	26077471	0	0	337106	54.148.175.229
5	10	4	1	0	26077318	26078774	0	26075711	26078774	0	1577639	65.154.226.126
5	1	1	0	0	26077469	0	0	26077469	0	0	3966	35.160.240.100
5	2	2	0	7	26077325	0	26077325	26077325	0	26077325	7932	13.124.87.15
5	2	2	0	7	26077544	0	26077544	26077544	0	26077544	7932	103.120.201.165
5	1	0	0	2	26076897	0	26076897	26076897	0	26076897	310371	181.13.64.253
5	1	1	0	0	26077163	0	0	26077163	0	0	3467	5.2.67.138
5	1	1	0	0	26077163	0	0	26077163	0	0	3467	196.52.84.26
5	0	0	1	0	0	26074803	0	0	26074803	0	0	186.22.92.140
5	1	1	0	0	26077428	0	0	26077428	0	0	3966	54.214.149.129
5	1	1	0	0	26075721	0	0	26075721	0	0	2860	65.154.226.100
5	0	0	0	11	0	0	26076866	0	0	26076865	0	178.128.116.50
5	4	1	0	1	26075835	0	26075835	26075834	0	26075835	556635	18.223.156.226
5	1	1	0	0	26075674	0	0	26075674	0	0	0	85.248.227.163
5	1	1	0	0	26077327	0	0	26077327	0	0	4001	195.154.61.206
5	1	1	0	0	26076802	0	0	26076802	0	0	3502	154.127.57.151
5	2	2	0	0	26078098	0	0	26076718	0	0	6820	103.59.156.16
5	11	2	1	0	26077948	26077948	0	26077948	26077948	0	54316	104.192.74.45
5	1	0	4	2	26078932	26078932	26078932	26078932	26078932	26078932	24	89.187.178.218
5	1	1	0	0	26077096	0	0	26077096	0	0	3495	122.176.134.188
5	102	9	14	16	26077081	26077081	26077080	26076841	26076845	26076841	3983583	181.23.237.122
5	0	0	1	0	0	26078784	0	0	26078784	0	0	184.75.221.179
5	5	1	0	0	26077037	0	0	26077036	0	0	1164491	155.94.129.227
5	53	3	8	7	26076901	26076899	26076897	26076887	26076887	26076887	1463969	181.101.225.118
5	1	1	0	0	26077592	0	0	26077592	0	0	3966	52.10.176.48
5	1	1	0	0	26077358	0	0	26077358	0	0	3966	103.123.84.227
5	30	4	4	11	26076647	26076643	26076647	26076537	26076536	26076537	658535	181.46.233.49
5	1	1	0	0	26077163	0	0	26077163	0	0	3467	165.227.163.166
5	6	5	0	2	26077840	0	26077840	26077840	0	26077840	11898	142.93.220.6
5	1	1	0	0	26076802	0	0	26076802	0	0	3502	5.62.41.110
5	1	1	0	0	26075674	0	0	26075674	0	0	0	193.169.145.66
5	2	2	0	0	26076424	0	0	26076023	0	0	5720	82.54.150.72
5	1	1	0	0	26077005	0	0	26077005	0	0	3502	64.233.172.140
5	2	0	0	1	26077359	0	26077005	26077359	0	26077005	464907	64.233.172.138
5	5	3	0	0	26077840	0	0	26077840	0	0	476805	66.249.82.102
5	0	0	1	0	0	26078869	0	0	26078869	0	0	209.126.119.177
5	1	1	0	0	26077358	0	0	26077358	0	0	3966	103.123.84.206
5	2	0	0	0	26077359	0	0	26077359	0	0	696082	64.233.172.136
5	1	1	0	0	26077916	0	0	26077916	0	0	3960	18.236.145.250
5	1	1	0	0	26076870	0	0	26076870	0	0	3502	169.57.153.158
5	2	2	0	0	26077893	0	0	26076802	0	0	7462	37.187.129.166
5	1	1	0	0	26076865	0	0	26076865	0	0	3502	34.218.41.27
5	0	0	0	2	0	0	26077686	0	0	26077686	0	213.152.161.249
5	1	1	0	0	26077359	0	0	26077359	0	0	3966	66.249.84.67
5	2	2	0	0	26077903	0	0	26077903	0	0	7920	200.59.131.249
5	6	1	0	0	26078095	0	0	26078095	0	0	1175863	181.44.130.239
5	1	1	0	0	26076802	0	0	26076802	0	0	3502	84.93.33.157
5	2	1	0	0	26077006	0	0	26077006	0	0	340608	208.87.233.140
5	1	1	0	0	26077893	0	0	26077893	0	0	3960	84.93.102.181
5	2	1	0	0	26076412	0	0	26076412	0	0	339966	104.192.108.9
5	0	0	1	0	0	26078856	0	0	26078856	0	0	188.166.189.163
5	12	2	0	0	26076808	0	0	26076807	0	0	3100404	185.130.184.214
5	723	59	212	68	26078582	26078587	26078582	26075266	26075267	26075266	10215346	190.55.29.158
5	7	7	0	0	26077410	0	0	26075949	0	0	18365	58.30.141.60
5	1	1	0	0	26077605	0	0	26077605	0	0	3966	62.4.14.198
5	11	4	0	20	26077223	0	26077223	26076176	0	26077223	12234	104.254.90.243
5	1	1	0	0	26077220	0	0	26077220	0	0	3966	178.128.170.60
5	1	1	0	0	26077353	0	0	26077353	0	0	3994	62.4.14.206
5	6	2	0	0	26075488	0	0	26075487	0	0	804897	35.183.110.64
5	2	2	0	0	26075176	0	0	26075176	0	0	1246	203.9.185.254
5	1	1	0	0	26075798	0	0	26075798	0	0	2888	171.79.33.8
5	1	0	0	0	26077428	0	0	26077428	0	0	337106	34.217.31.188
5	1	1	0	0	26077575	0	0	26077575	0	0	3966	4.7.5.202
5	1	1	0	0	26077006	0	0	26077006	0	0	3502	46.148.120.60
5	1	1	0	0	26077893	0	0	26077893	0	0	3960	212.92.123.15
5	1	1	0	0	26077475	0	0	26077475	0	0	3966	2.137.98.58
5	1	1	0	0	26077279	0	0	26077279	0	0	3966	89.108.99.6
5	12	2	2	0	26078273	26078274	0	26078095	26078096	0	1965083	66.249.85.63
5	8	0	0	1	26078274	0	26078273	26078095	0	26078273	863925	66.249.85.61
5	4	1	2	1	26078137	26078096	26078273	26078095	26074771	26078273	732895	66.249.85.59
5	8	8	0	80	26077139	0	26077139	26075839	0	26075839	25308	180.169.182.50
5	1	1	0	0	26076870	0	0	26076870	0	0	3502	169.51.83.86
5	3	0	0	0	26075671	0	0	26075671	0	0	231	91.199.212.132
z	0	107	8	26078582	0
z	1	7	0	26078106	7
z	2	11	0	26078932	622
z	3	18	11	26076176	9605
z	4	675	208	26078582	3143125
z	5	428	0	26078272	6666109
z	6	156	0	26078498	44293744
c	200	1307	26078932
c	206	13	26078106
c	301	13	26078932
c	302	274	26078582
c	304	82	26078582
c	404	175	26078932
c	499	6	26076897
c	500	70	26078582
